100 08 17 10 45
101 09 52 11 30
102 10 28 12 15
103 11 45 13 22
104 12 15 14 05
105 13 30 15 18
116 00 30 02 15
117 01 15 03 20
118 02 40 04 35
119 03 30 05 45
120 04 15 06 10
121 05 40 07 25
122 06 30 08 45
123 07 20 09 35
124 08 45 10 30
125 09 20 11 05
126 10 55 12 40
127 11 30 13 45
128 12 50 14 25
129 13 35 15 20
130 14 55 16 40
131 15 30 17 15
132 16 45 18 30
133 17 20 19 05
134 18 40 20 25
135 19 15 21 00
136 20 50 22 35
137 21 25 23 10
138 22 55 00 40
139 23 30 01 15
140 00 15 02 00
141 01 40 03 25
142 02 15 04 00
143 03 50 05 35
144 04 25 06 10
145 05 55 07 40
146 06 30 08 15
147 07 05 09 20
148 08 30 10 15
149 09 05 11 50
150 10 25 12 10
151 11 00 13 35
152 12 20 14 05
153 12 55 16 20
154 14 15 15 00
155 14 50 18 15
156 16 10 16 55
157 16 45 20 10
158 18 05 18 50
159 18 40 22 05
160 20 00 20 45
161 20 35 00 00
162 21 55 21 40
163 22 30 01 55
164 23 50 23 35
165 00 25 02 50
166 01 15 03 00
167 02 35 04 20
168 03 10 05 35
169 04 30 06 15
307 14 00 14 45
308 14 35 20 00
309 15 55 16 40
310 16 30 20 55
311 17 50 18 35
312 18 25 22 50
313 19 45 20 30
314 20 20 00 45
315 21 40 22 25
199 09 15 10 00
200 09 50 15 15
201 10 10 10 55
202 10 45 15 10
203 12 05 12 50
204 12 40 17 05
205 14 00 14 45
206 14 35 19 00
207 15 55 16 40
208 16 30 20 55
209 17 50 18 35
210 18 25 22 50
211 19 45 20 30
212 20 20 00 45
213 21 40 22 25
214 22 15 02 40
215 23 35 23 20
216 00 10 01 55
217 01 30 03 15
218 02 05 04 30
219 03 25 05 10
220 04 00 08 25
221 05 20 06 05
222 05 55 10 20
223 07 15 08 00
224 07 50 13 15
225 09 10 09 55
226 09 45 15 10
227 11 05 11 50
228 11 40 17 05
229 13 00 13 45
230 13 35 19 00
231 14 55 15 40
232 15 30 19 55
233 16 50 17 35
234 17 25 21 50
235 18 45 19 30
236 19 20 23 45
237 20 40 21 25
238 21 15 01 40
239 22 35 23 20
240 23 10 02 35
241 00 00 00 45
242 00 35 04 00
243 01 55 02 40
244 02 30 06 55
245 03 50 04 35
246 04 25 08 50
247 05 45 06 30
248 06 20 11 45
249 07 40 08 25
250 08 15 13 40
251 09 35 10 20
252 10 10 15 35
253 11 30 12 15
170 05 05 08 20
171 06 25 07 10
172 07 00 10 15
173 08 20 09 05
174 08 55 12 10
175 10 15 11 00
176 10 50 15 15
177 12 10 12 55
106 14 05 16 10
107 15 22 17 45
108 16 10 18 35
109 17 35 19 20
110 18 15 20 05
111 19 50 21 30
112 20 25 22 15
113 21 55 23 45
114 22 40 00 30
115 23 25 01 10
178 12 45 17 10
179 14 05 14 50
180 14 40 19 05
181 16 00 16 45
182 16 35 21 00
183 17 55 18 40
184 18 30 22 55
185 19 50 20 35
186 20 25 00 50
187 21 45 22 30
188 22 20 02 45
189 23 40 23 25
190 00 15 01 00
191 01 35 03 20
192 02 10 04 35
193 03 30 05 15
194 04 05 08 30
195 05 25 06 10
196 06 00 10 25
197 07 20 08 05
198 07 55 12 20
298 05 00 10 25
299 06 20 07 05
300 06 55 12 20
301 08 15 09 00
302 08 50 14 15
303 10 10 10 55
304 10 45 16 10
305 12 05 12 50
306 12 40 18 05
254 12 05 17 30
255 13 25 14 10
256 14 00 19 25
257 15 20 16 05
258 15 55 20 20
259 17 15 18 00
260 17 50 22 15
261 19 10 19 55
262 19 45 00 10
263 21 05 21 50
264 21 40 02 05
265 23 00 23 45
266 23 35 04 00
267 00 15 01 00
268 00 50 06 15
269 02 10 02 55
270 02 45 07 10
271 04 05 04 50
272 04 40 10 05
273 06 00 06 45
274 06 35 12 00
275 07 55 08 40
276 08 30 13 55
277 09 50 10 35
278 10 25 15 50
279 11 45 12 30
280 12 20 17 45
281 13 05 13 50
282 13 40 19 05
283 15 00 15 45
284 15 35 21 00
285 16 55 17 40
286 17 30 21 55
287 18 50 19 35
288 19 25 23 50
289 20 45 21 30
290 21 20 01 45
291 22 40 23 25
292 23 15 03 40
293 00 35 01 20
294 01 10 06 35
295 02 30 03 15
296 03 05 08 30
297 04 25 05 10
316 22 15 02 40
317 23 35 23 20
318 00 10 01 55
319 01 30 03 15
320 02 05 04 30
321 03 25 05 10
322 04 00 08 25
323 05 20 06 05
324 05 55 11 45
325 07 15 08 00
326 07 50 13 15
327 09 10 09 55
328 09 45 15 10
329 11 05 11 50
330 11 40 17 05
331 13 00 13 45
332 13 35 19 00
333 14 55 15 40
334 15 30 19 55
335 16 50 17 35
336 17 25 21 50
337 18 45 19 30
338 19 20 23 45
339 20 40 21 25
340 21 15 01 40